0.5, 0, 1, 1, 936291923, 0, 0, 0, 0
0.888525, 0, 2, 1, 936291923, -0.354966, 0.103064, -0.354966, 0.103064
0.359373, 0, 3, 1, 936291923, 0.346444, -0.0794772, 0.346444, -0.0794772
3.17042, 0, 4, 1, 936291923, -0.553319, -0.935597, -0.553319, -0.935597
1.69602, 0, 5, 1, 936291923, -0.378343, -0.461529, -0.378343, -0.461529
1.53159, 0, 6, 1, 936291923, 0.261349, -0.714344, 0.261349, -0.714344
0.154981, 0, 7, 1, 936291923, 0.376529, 0.873813, 0.376529, 0.873813
1.19593, 0, 8, 1, 936291923, -0.561973, 0.761039, -0.561973, 0.761039
0.300004, 0, 9, 1, 936291923, 0.0307995, 0.217413, 0.0307995, 0.217413
2.04707, 0, 10, 1, 936291923, 0.810832, -0.896586, 0.810832, -0.896586
1.4314, 0, 11, 1, 936291923, -0.588713, 0.996091, -0.588713, 0.996091
1.87537, 0, 12, 1, 936291923, 0.896682, -0.81073, 0.896682, -0.81073
0.633818, 0, 13, 1, 936291923, 0.710707, -0.267737, 0.710707, -0.267737
0.722858, 0, 14, 1, 936291923, 0.809247, -0.291975, 0.809247, -0.291975
0.943981, 0, 15, 1, 936291923, -0.0338298, -0.311792, -0.0338298, -0.311792
0.723314, 0, 16, 1, 936291923, 0.369776, -0.34045, 0.369776, -0.34045
0.340048, 0, 17, 1, 936291923, 0.941826, 0.880577, 0.941826, 0.880577
0.745508, 0, 18, 1, 936291923, 0.547911, -0.362098, 0.547911, -0.362098
1.06972, 0, 19, 1, 936291923, -0.481042, 0.827525, -0.481042, 0.827525
0.934034, 0, 20, 1, 936291923, 0.702422, -0.445018, 0.702422, -0.445018
0.973765, 0, 21, 1, 936291923, 0.238636, -0.451553, 0.238636, -0.451553
0.37016, 0, 22, 1, 936291923, 0.937017, 0.923292, 0.937017, 0.923292
0.194018, 0, 23, 1, 936291923, 0.439379, 0.936284, 0.439379, 0.936284
0.023094, 0, 24, 1, 936291923, 0.348909, 0.483705, 0.348909, 0.483705
0.250146, 0, 25, 1, 936291923, 0.579382, 0.993806, 0.579382, 0.993806
0.476139, 0, 26, 1, 936291923, 0.975794, 0.999759, 0.975794, 0.999759
0.2551, 0, 27, 1, 936291923, 0.860551, 0.853699, 0.860551, 0.853699
0.0855703, 0, 28, 1, 936291923, 0.478517, 0.791734, 0.478517, 0.791734
0.260262, 0, 29, 1, 936291923, 0.353929, 0.9888, 0.353929, 0.9888
0.341732, 0, 30, 1, 936291923, 0.0392625, 0.859795, 0.0392625, 0.859795
0.028942, 0, 31, 1, 936291923, 0.443913, 0.339388, 0.443913, 0.339388
0.269774, 0, 32, 1, 936291923, 0.929797, 0.208369, 0.929797, 0.208369
0.0515021, 0, 33, 1, 936291923, 0.278045, 0.452694, 0.278045, 0.452694
0.0749611, 0, 34, 1, 936291923, 0.246228, 0.602765, 0.246228, 0.602765
0.0889088, 0, 35, 1, 936291923, 0.201858, 0.504518, 0.201858, 0.504518
0.0623961, 0, 36, 1, 936291923, 0.491463, 0.749646, 0.491463, 0.749646
0.294217, 0, 37, 1, 936291923, -0.0209601, 0.348945, -0.0209601, 0.348945
0.247909, 0, 38, 1, 936291923, 0.489673, 0.997797, 0.489673, 0.997797
0.0116322, 0, 39, 1, 936291923, 0.567519, 0.584104, 0.567519, 0.584104
0.319642, 0, 40, 1, 936291923, -0.0648794, 0.476472, -0.0648794, 0.476472
0.0681645, 0, 41, 1, 936291923, 0.243419, 0.548277, 0.243419, 0.548277
0.0829846, 0, 42, 1, 936291923, 0.213559, 0.530597, 0.213559, 0.530597
0.00403796, 0, 43, 1, 936291923, 0.561607, 0.484428, 0.561607, 0.484428
0.336847, 0, 44, 1, 936291923, 0.201035, 0.997461, 0.201035, 0.997461
0.0124382, 0, 45, 1, 936291923, 0.610122, 0.482357, 0.610122, 0.482357
0.0357385, 0, 46, 1, 936291923, 0.683688, 0.455311, 0.683688, 0.455311
0.0047759, 0, 47, 1, 936291923, 0.567482, 0.485096, 0.567482, 0.485096
0.0412437, 0, 48, 1, 936291923, 0.698654, 0.457806, 0.698654, 0.457806
0.0696392, 0, 49, 1, 936291923, 0.555822, 0.757921, 0.555822, 0.757921
0.0928876, 0, 50, 1, 936291923, 0.238957, 0.657304, 0.238957, 0.657304
0.101332, 0, 51, 1, 936291923, 0.818092, 0.487769, 0.818092, 0.487769
0.0508869, 0, 52, 1, 936291923, 0.71534, 0.432803, 0.71534, 0.432803
0.129869, 0, 53, 1, 936291923, 0.264168, 0.772492, 0.264168, 0.772492
0.101676, 0, 54, 1, 936291923, 0.818092, 0.477779, 0.818092, 0.477779
0.105619, 0, 55, 1, 936291923, 0.813367, 0.41386, 0.813367, 0.41386
0.201319, 0, 56, 1, 936291923, 0.813338, 0.178848, 0.813338, 0.178848
0.264886, 0, 57, 1, 936291923, 0.0957766, 0.818575, 0.0957766, 0.818575
0.0524495, 0, 58, 1, 936291923, 0.728254, 0.481299, 0.728254, 0.481299
0.137819, 0, 59, 1, 936291923, 0.652066, 0.161334, 0.652066, 0.161334
0.280459, 0, 60, 1, 936291923, -0.0245991, 0.572489, -0.0245991, 0.572489
0.124195, 0, 61, 1, 936291923, 0.593382, 0.160185, 0.593382, 0.160185
0.16935, 0, 62, 1, 936291923, 0.338789, 0.12137, 0.338789, 0.12137
0.0523684, 0, 63, 1, 936291923, 0.728514, 0.487769, 0.728514, 0.487769
0.49592, 0, 64, 1, 936291923, -0.170095, 0.283452, -0.170095, 0.283452
0.649019, 0, 65, 1, 936291923, -0.302513, 0.570656, -0.302513, 0.570656
0.21402, 0, 66, 1, 936291923, 0.955538, 0.419346, 0.955538, 0.419346
0.29264, 0, 67, 1, 936291923, 0.742522, 0.0164473, 0.742522, 0.0164473
1.25418, 0, 68, 1, 936291923, -0.514751, 0.973767, -0.514751, 0.973767
0.407548, 0, 69, 1, 936291923, -0.130471, 0.600273, -0.130471, 0.600273
0.246648, 0, 70, 1, 936291923, 0.26739, 0.0612058, 0.26739, 0.0612058
0.10898, 0, 71, 1, 936291923, 0.171375, 0.468611, 0.171375, 0.468611
0.315135, 0, 72, 1, 936291923, 0.232996, 0.993806, 0.232996, 0.993806
0.994781, 0, 73, 1, 936291923, 0.798877, -0.451553, 0.798877, -0.451553
0.295424, 0, 74, 1, 936291923, -0.0308171, 0.616862, -0.0308171, 0.616862
0.331725, 0, 75, 1, 936291923, 0.547349, -0.0740063, 0.547349, -0.0740063
0.0791718, 0, 76, 1, 936291923, 0.221314, 0.461198, 0.221314, 0.461198
0.250369, 0, 77, 1, 936291923, 0.566349, 0.995951, 0.566349, 0.995951
0.476072, 0, 78, 1, 936291923, 0.211433, -0.126739, 0.211433, -0.126739
0.0580167, 0, 79, 1, 936291923, 0.740827, 0.504389, 0.740827, 0.504389
0.11883, 0, 80, 1, 936291923, 0.722443, 0.763343, 0.722443, 0.763343
0.454038, 0, 81, 1, 936291923, -0.0340788, 0.91085, -0.0340788, 0.91085
0.040184, 0, 82, 1, 936291923, 0.616136, 0.33661, 0.616136, 0.33661
0.0344887, 0, 83, 1, 936291923, 0.571828, 0.328742, 0.571828, 0.328742
0.15897, 0, 84, 1, 936291923, 0.600858, 0.114256, 0.600858, 0.114256
0.0444903, 0, 85, 1, 936291923, 0.704162, 0.552992, 0.704162, 0.552992
0.0632124, 0, 86, 1, 936291923, 0.749454, 0.468611, 0.749454, 0.468611
2.40178, 0, 87, 1, 936291923, -0.872952, -0.218874, -0.872952, -0.218874
1.09214, 0, 88, 1, 936291923, -0.544751, 0.525213, -0.544751, 0.525213
0.570824, 0, 89, 1, 936291923, 0.883059, -0.151222, 0.883059, -0.151222
0.105455, 0, 90, 1, 936291923, 0.217585, 0.339698, 0.217585, 0.339698
0.0416949, 0, 91, 1, 936291923, 0.704162, 0.496431, 0.704162, 0.496431
0.183286, 0, 92, 1, 936291923, 0.889592, 0.322506, 0.889592, 0.322506
0.678716, 0, 93, 1, 936291923, 0.951148, -0.189334, 0.951148, -0.189334
0.302573, 0, 94, 1, 936291923, 0.887424, 0.109519, 0.887424, 0.109519
0.000201879, 0, 95, 1, 936291923, 0.499549, 0.485799, 0.499549, 0.485799
0.00611446, 0, 96, 1, 936291923, 0.458774, 0.566445, 0.458774, 0.566445
0.205887, 0, 97, 1, 936291923, 0.217321, 0.145064, 0.217321, 0.145064
0.362109, 0, 98, 1, 936291923, 0.951131, 0.101767, 0.951131, 0.101767
1.46469, 0, 99, 1, 936291923, -0.430253, -0.274157, -0.430253, -0.274157
1.00569, 0, 100, 1, 936291923, -0.318605, -0.0792891, -0.318605, -0.0792891
