Run 1
0.000000, 10000000000000.000000, 0.000000, 1, 0.000000, param1=0.0000000000000000, param2=0.0000000000000000
0.500000, 0.500000, -1.000000, 1, 0.000000, param1=0.0000000000000000, param2=0.0000000000000000
2.451876, 0.500000, -1.000000, 1, 1.063351, param1=0.0000000000000000, param2=0.0000000000000000
3.127857, 0.359373, -1.000000, 3, 1.379959, param1=0.3464441834965102, param2=-0.0794771838047399
6.353468, 0.359373, -1.000000, 3, 1.435149, param1=0.3464441834965102, param2=-0.0794771838047399
8.107519, 0.359373, -1.000000, 3, 1.493175, param1=0.3464441834965102, param2=-0.0794771838047399
9.727124, 0.359373, -1.000000, 3, 1.581194, param1=0.3464441834965102, param2=-0.0794771838047399
9.979879, 0.154981, -1.000000, 7, 1.678968, param1=0.3765289535363516, param2=0.8738127687584138
11.272487, 0.154981, -1.000000, 7, 1.775648, param1=0.3765289535363516, param2=0.8738127687584138
11.655158, 0.154981, -1.000000, 7, 1.858315, param1=0.3765289535363516, param2=0.8738127687584138
13.810484, 0.154981, -1.000000, 7, 1.966572, param1=0.3765289535363516, param2=0.8738127687584138
15.408335, 0.154981, -1.000000, 7, 2.133022, param1=0.3765289535363516, param2=0.8738127687584138
17.459791, 0.154981, -1.000000, 7, 2.309107, param1=0.3765289535363516, param2=0.8738127687584138
18.292597, 0.154981, -1.000000, 7, 2.508096, param1=0.3765289535363516, param2=0.8738127687584138
19.173446, 0.154981, -1.000000, 7, 2.666087, param1=0.3765289535363516, param2=0.8738127687584138
20.291155, 0.154981, -1.000000, 7, 2.839815, param1=0.3765289535363516, param2=0.8738127687584138
21.162344, 0.154981, -1.000000, 7, 2.987690, param1=0.3765289535363516, param2=0.8738127687584138
21.651969, 0.154981, -1.000000, 7, 3.137266, param1=0.3765289535363516, param2=0.8738127687584138
22.557935, 0.154981, -1.000000, 7, 3.297724, param1=0.3765289535363516, param2=0.8738127687584138
23.781814, 0.154981, -1.000000, 7, 3.451888, param1=0.3765289535363516, param2=0.8738127687584138
24.844004, 0.154981, -1.000000, 7, 3.580044, param1=0.3765289535363516, param2=0.8738127687584138
25.952900, 0.154981, -1.000000, 7, 3.715176, param1=0.3765289535363516, param2=0.8738127687584138
26.502850, 0.154981, -1.000000, 7, 3.894966, param1=0.3765289535363516, param2=0.8738127687584138
26.864124, 0.154981, -1.000000, 7, 4.062221, param1=0.3765289535363516, param2=0.8738127687584138
27.173420, 0.023094, -1.000000, 24, 4.271517, param1=0.3489090940723554, param2=0.4837047098423919
27.638701, 0.023094, -1.000000, 24, 4.486653, param1=0.3489090940723554, param2=0.4837047098423919
28.253763, 0.023094, -1.000000, 24, 4.625576, param1=0.3489090940723554, param2=0.4837047098423919
28.654849, 0.023094, -1.000000, 24, 4.771562, param1=0.3489090940723554, param2=0.4837047098423919
28.919816, 0.023094, -1.000000, 24, 4.936529, param1=0.3489090940723554, param2=0.4837047098423919
29.345986, 0.023094, -1.000000, 24, 5.102436, param1=0.3489090940723554, param2=0.4837047098423919
29.946162, 0.023094, -1.000000, 24, 5.360881, param1=0.3489090940723554, param2=0.4837047098423919
30.209062, 0.023094, -1.000000, 24, 5.523781, param1=0.3489090940723554, param2=0.4837047098423919
30.674120, 0.023094, -1.000000, 24, 5.719064, param1=0.3489090940723554, param2=0.4837047098423919
30.972413, 0.023094, -1.000000, 24, 5.917357, param1=0.3489090940723554, param2=0.4837047098423919
31.219446, 0.023094, -1.000000, 24, 6.064390, param1=0.3489090940723554, param2=0.4837047098423919
31.482986, 0.023094, -1.000000, 24, 6.227930, param1=0.3489090940723554, param2=0.4837047098423919
31.735792, 0.023094, -1.000000, 24, 6.380736, param1=0.3489090940723554, param2=0.4837047098423919
32.240615, 0.023094, -1.000000, 24, 6.591342, param1=0.3489090940723554, param2=0.4837047098423919
32.632464, 0.023094, -1.000000, 24, 6.735283, param1=0.3489090940723554, param2=0.4837047098423919
32.883550, 0.011632, -1.000000, 39, 6.886369, param1=0.5675185861665408, param2=0.5841039790279112
33.366180, 0.011632, -1.000000, 39, 7.049356, param1=0.5675185861665408, param2=0.5841039790279112
33.613750, 0.011632, -1.000000, 39, 7.196926, param1=0.5675185861665408, param2=0.5841039790279112
33.880167, 0.011632, -1.000000, 39, 7.363343, param1=0.5675185861665408, param2=0.5841039790279112
34.211012, 0.004038, -1.000000, 43, 7.594188, param1=0.5616074408701506, param2=0.4844281026656896
34.704262, 0.004038, -1.000000, 43, 7.750591, param1=0.5616074408701506, param2=0.4844281026656896
34.964876, 0.004038, -1.000000, 43, 7.911205, param1=0.5616074408701506, param2=0.4844281026656896
35.236754, 0.004038, -1.000000, 43, 8.083083, param1=0.5616074408701506, param2=0.4844281026656896
35.509494, 0.004038, -1.000000, 43, 8.255823, param1=0.5616074408701506, param2=0.4844281026656896
35.777290, 0.004038, -1.000000, 43, 8.423619, param1=0.5616074408701506, param2=0.4844281026656896
36.051216, 0.004038, -1.000000, 43, 8.597545, param1=0.5616074408701506, param2=0.4844281026656896
36.332812, 0.004038, -1.000000, 43, 8.779141, param1=0.5616074408701506, param2=0.4844281026656896
36.584919, 0.004038, -1.000000, 43, 8.929916, param1=0.5616074408701506, param2=0.4844281026656896
36.874935, 0.004038, -1.000000, 43, 9.119932, param1=0.5616074408701506, param2=0.4844281026656896
37.164703, 0.004038, -1.000000, 43, 9.279831, param1=0.5616074408701506, param2=0.4844281026656896
37.430795, 0.004038, -1.000000, 43, 9.444247, param1=0.5616074408701506, param2=0.4844281026656896
37.684398, 0.004038, -1.000000, 43, 9.592231, param1=0.5616074408701506, param2=0.4844281026656896
38.060018, 0.004038, -1.000000, 43, 9.766531, param1=0.5616074408701506, param2=0.4844281026656896
38.483666, 0.004038, -1.000000, 43, 9.925293, param1=0.5616074408701506, param2=0.4844281026656896
38.753208, 0.004038, -1.000000, 43, 10.094835, param1=0.5616074408701506, param2=0.4844281026656896
39.079629, 0.004038, -1.000000, 43, 10.283437, param1=0.5616074408701506, param2=0.4844281026656896
39.516972, 0.004038, -1.000000, 43, 10.440321, param1=0.5616074408701506, param2=0.4844281026656896
39.803857, 0.004038, -1.000000, 43, 10.603012, param1=0.5616074408701506, param2=0.4844281026656896
40.134150, 0.004038, -1.000000, 43, 10.763955, param1=0.5616074408701506, param2=0.4844281026656896
40.406430, 0.004038, -1.000000, 43, 10.936235, param1=0.5616074408701506, param2=0.4844281026656896
41.093139, 0.004038, -1.000000, 43, 11.127024, param1=0.5616074408701506, param2=0.4844281026656896
41.900841, 0.004038, -1.000000, 43, 11.285707, param1=0.5616074408701506, param2=0.4844281026656896
42.288747, 0.004038, -1.000000, 43, 11.459592, param1=0.5616074408701506, param2=0.4844281026656896
42.762412, 0.004038, -1.000000, 43, 11.640617, param1=0.5616074408701506, param2=0.4844281026656896
44.168687, 0.004038, -1.000000, 43, 11.792716, param1=0.5616074408701506, param2=0.4844281026656896
44.733963, 0.004038, -1.000000, 43, 11.950445, param1=0.5616074408701506, param2=0.4844281026656896
45.173151, 0.004038, -1.000000, 43, 12.142985, param1=0.5616074408701506, param2=0.4844281026656896
45.454544, 0.004038, -1.000000, 43, 12.315398, param1=0.5616074408701506, param2=0.4844281026656896
45.937057, 0.004038, -1.000000, 43, 12.482776, param1=0.5616074408701506, param2=0.4844281026656896
47.084434, 0.004038, -1.000000, 43, 12.635372, param1=0.5616074408701506, param2=0.4844281026656896
47.546553, 0.004038, -1.000000, 43, 12.802068, param1=0.5616074408701506, param2=0.4844281026656896
48.047564, 0.004038, -1.000000, 43, 12.971354, param1=0.5616074408701506, param2=0.4844281026656896
48.318032, 0.004038, -1.000000, 43, 13.141822, param1=0.5616074408701506, param2=0.4844281026656896
48.788593, 0.004038, -1.000000, 43, 13.362013, param1=0.5616074408701506, param2=0.4844281026656896
49.450994, 0.004038, -1.000000, 43, 13.548342, param1=0.5616074408701506, param2=0.4844281026656896
49.709894, 0.004038, -1.000000, 43, 13.707242, param1=0.5616074408701506, param2=0.4844281026656896
50.000194, 0.004038, -1.000000, 43, 13.878712, param1=0.5616074408701506, param2=0.4844281026656896
50.617427, 0.004038, -1.000000, 43, 14.041907, param1=0.5616074408701506, param2=0.4844281026656896
50.909827, 0.004038, -1.000000, 43, 14.234307, param1=0.5616074408701506, param2=0.4844281026656896
51.292426, 0.004038, -1.000000, 43, 14.516906, param1=0.5616074408701506, param2=0.4844281026656896
51.682721, 0.004038, -1.000000, 43, 14.748230, param1=0.5616074408701506, param2=0.4844281026656896
51.996339, 0.004038, -1.000000, 43, 14.961848, param1=0.5616074408701506, param2=0.4844281026656896
52.319445, 0.004038, -1.000000, 43, 15.184954, param1=0.5616074408701506, param2=0.4844281026656896
54.954770, 0.004038, -1.000000, 43, 15.418502, param1=0.5616074408701506, param2=0.4844281026656896
56.455724, 0.004038, -1.000000, 43, 15.827314, param1=0.5616074408701506, param2=0.4844281026656896
57.390666, 0.004038, -1.000000, 43, 16.191432, param1=0.5616074408701506, param2=0.4844281026656896
57.848056, 0.004038, -1.000000, 43, 16.543367, param1=0.5616074408701506, param2=0.4844281026656896
58.355568, 0.004038, -1.000000, 43, 16.950879, param1=0.5616074408701506, param2=0.4844281026656896
58.775258, 0.004038, -1.000000, 43, 17.187283, param1=0.5616074408701506, param2=0.4844281026656896
59.634620, 0.004038, -1.000000, 43, 17.367929, param1=0.5616074408701506, param2=0.4844281026656896
60.192061, 0.004038, -1.000000, 43, 17.622797, param1=0.5616074408701506, param2=0.4844281026656896
60.539077, 0.000202, -1.000000, 95, 17.869813, param1=0.4995487952329138, param2=0.4857987455774366
61.015152, 0.000202, -1.000000, 95, 18.245888, param1=0.4995487952329138, param2=0.4857987455774366
61.589763, 0.000202, -1.000000, 95, 18.614613, param1=0.4995487952329138, param2=0.4857987455774366
62.307208, 0.000202, -1.000000, 95, 18.969949, param1=0.4995487952329138, param2=0.4857987455774366
64.049693, 0.000202, -1.000000, 95, 19.247744, param1=0.4995487952329138, param2=0.4857987455774366
65.391293, 0.000202, -1.000000, 95, 19.583653, param1=0.4995487952329138, param2=0.4857987455774366
