Run 1
0.000000, 10000000000000.000000, 0.000000, 1, 0.000000, 0, 0, 0, param1=0.0000000000000000, param2=0.0000000000000000
0.500000, 0.500000, -1.000000, 1, 0.000000, 1, 1, 0, param1=0.0000000000000000, param2=0.0000000000000000
2.451876, 0.500000, -1.000000, 1, 1.063351, 1, 2, 1, param1=0.0000000000000000, param2=0.0000000000000000
3.127857, 0.359373, -1.000000, 3, 1.379959, 1, 3, 2, param1=0.3464441834965102, param2=-0.0794771838047399
6.353468, 0.359373, -1.000000, 3, 1.435149, 1, 4, 3, param1=0.3464441834965102, param2=-0.0794771838047399
8.107519, 0.359373, -1.000000, 3, 1.493175, 1, 5, 4, param1=0.3464441834965102, param2=-0.0794771838047399
9.727124, 0.359373, -1.000000, 3, 1.581194, 1, 6, 5, param1=0.3464441834965102, param2=-0.0794771838047399
9.979879, 0.154981, -1.000000, 7, 1.678968, 1, 7, 6, param1=0.3765289535363516, param2=0.8738127687584138
11.272487, 0.154981, -1.000000, 7, 1.775648, 1, 8, 7, param1=0.3765289535363516, param2=0.8738127687584138
11.655158, 0.154981, -1.000000, 7, 1.858315, 1, 9, 8, param1=0.3765289535363516, param2=0.8738127687584138
13.810484, 0.154981, -1.000000, 7, 1.966572, 1, 10, 9, param1=0.3765289535363516, param2=0.8738127687584138
15.408335, 0.154981, -1.000000, 7, 2.133022, 1, 11, 10, param1=0.3765289535363516, param2=0.8738127687584138
17.459791, 0.154981, -1.000000, 7, 2.309107, 1, 12, 11, param1=0.3765289535363516, param2=0.8738127687584138
18.292597, 0.154981, -1.000000, 7, 2.508096, 1, 13, 12, param1=0.3765289535363516, param2=0.8738127687584138
19.173446, 0.154981, -1.000000, 7, 2.666087, 1, 14, 13, param1=0.3765289535363516, param2=0.8738127687584138
20.291155, 0.154981, -1.000000, 7, 2.839815, 1, 15, 14, param1=0.3765289535363516, param2=0.8738127687584138
21.162344, 0.154981, -1.000000, 7, 2.987690, 1, 16, 15, param1=0.3765289535363516, param2=0.8738127687584138
21.651969, 0.154981, -1.000000, 7, 3.137266, 1, 17, 16, param1=0.3765289535363516, param2=0.8738127687584138
22.557935, 0.154981, -1.000000, 7, 3.297724, 1, 18, 17, param1=0.3765289535363516, param2=0.8738127687584138
23.781814, 0.154981, -1.000000, 7, 3.451888, 1, 19, 18, param1=0.3765289535363516, param2=0.8738127687584138
24.844004, 0.154981, -1.000000, 7, 3.580044, 1, 20, 19, param1=0.3765289535363516, param2=0.8738127687584138
25.952900, 0.154981, -1.000000, 7, 3.715176, 1, 21, 20, param1=0.3765289535363516, param2=0.8738127687584138
26.502850, 0.154981, -1.000000, 7, 3.894966, 1, 22, 21, param1=0.3765289535363516, param2=0.8738127687584138
26.864124, 0.154981, -1.000000, 7, 4.062221, 1, 23, 22, param1=0.3765289535363516, param2=0.8738127687584138
27.173420, 0.023094, -1.000000, 24, 4.271517, 1, 24, 23, param1=0.3489090940723554, param2=0.4837047098423919
27.638701, 0.023094, -1.000000, 24, 4.486653, 1, 25, 24, param1=0.3489090940723554, param2=0.4837047098423919
28.253763, 0.023094, -1.000000, 24, 4.625576, 1, 26, 25, param1=0.3489090940723554, param2=0.4837047098423919
28.654849, 0.023094, -1.000000, 24, 4.771562, 1, 27, 26, param1=0.3489090940723554, param2=0.4837047098423919
28.919816, 0.023094, -1.000000, 24, 4.936529, 1, 28, 27, param1=0.3489090940723554, param2=0.4837047098423919
29.345986, 0.023094, -1.000000, 24, 5.102436, 1, 29, 28, param1=0.3489090940723554, param2=0.4837047098423919
29.946162, 0.023094, -1.000000, 24, 5.360881, 1, 30, 29, param1=0.3489090940723554, param2=0.4837047098423919
30.209062, 0.023094, -1.000000, 24, 5.523781, 1, 31, 30, param1=0.3489090940723554, param2=0.4837047098423919
30.674120, 0.023094, -1.000000, 24, 5.719064, 1, 32, 31, param1=0.3489090940723554, param2=0.4837047098423919
30.972413, 0.023094, -1.000000, 24, 5.917357, 1, 33, 32, param1=0.3489090940723554, param2=0.4837047098423919
31.219446, 0.023094, -1.000000, 24, 6.064390, 1, 34, 33, param1=0.3489090940723554, param2=0.4837047098423919
31.482986, 0.023094, -1.000000, 24, 6.227930, 1, 35, 34, param1=0.3489090940723554, param2=0.4837047098423919
31.735792, 0.023094, -1.000000, 24, 6.380736, 1, 36, 35, param1=0.3489090940723554, param2=0.4837047098423919
32.240615, 0.023094, -1.000000, 24, 6.591342, 1, 37, 36, param1=0.3489090940723554, param2=0.4837047098423919
32.632464, 0.023094, -1.000000, 24, 6.735283, 1, 38, 37, param1=0.3489090940723554, param2=0.4837047098423919
32.883550, 0.011632, -1.000000, 39, 6.886369, 1, 39, 38, param1=0.5675185861665408, param2=0.5841039790279112
33.366180, 0.011632, -1.000000, 39, 7.049356, 1, 40, 39, param1=0.5675185861665408, param2=0.5841039790279112
33.613750, 0.011632, -1.000000, 39, 7.196926, 1, 41, 40, param1=0.5675185861665408, param2=0.5841039790279112
33.880167, 0.011632, -1.000000, 39, 7.363343, 1, 42, 41, param1=0.5675185861665408, param2=0.5841039790279112
34.211012, 0.004038, -1.000000, 43, 7.594188, 1, 43, 42, param1=0.5616074408701506, param2=0.4844281026656896
34.704262, 0.004038, -1.000000, 43, 7.750591, 1, 44, 43, param1=0.5616074408701506, param2=0.4844281026656896
34.964876, 0.004038, -1.000000, 43, 7.911205, 1, 45, 44, param1=0.5616074408701506, param2=0.4844281026656896
35.236754, 0.004038, -1.000000, 43, 8.083083, 1, 46, 45, param1=0.5616074408701506, param2=0.4844281026656896
35.509494, 0.004038, -1.000000, 43, 8.255823, 1, 47, 46, param1=0.5616074408701506, param2=0.4844281026656896
35.777290, 0.004038, -1.000000, 43, 8.423619, 1, 48, 47, param1=0.5616074408701506, param2=0.4844281026656896
36.051216, 0.004038, -1.000000, 43, 8.597545, 1, 49, 48, param1=0.5616074408701506, param2=0.4844281026656896
36.332812, 0.004038, -1.000000, 43, 8.779141, 1, 50, 49, param1=0.5616074408701506, param2=0.4844281026656896
36.584919, 0.004038, -1.000000, 43, 8.929916, 1, 51, 50, param1=0.5616074408701506, param2=0.4844281026656896
36.874935, 0.004038, -1.000000, 43, 9.119932, 1, 52, 51, param1=0.5616074408701506, param2=0.4844281026656896
37.164703, 0.004038, -1.000000, 43, 9.279831, 1, 53, 52, param1=0.5616074408701506, param2=0.4844281026656896
37.430795, 0.004038, -1.000000, 43, 9.444247, 1, 54, 53, param1=0.5616074408701506, param2=0.4844281026656896
37.684398, 0.004038, -1.000000, 43, 9.592231, 1, 55, 54, param1=0.5616074408701506, param2=0.4844281026656896
38.060018, 0.004038, -1.000000, 43, 9.766531, 1, 56, 55, param1=0.5616074408701506, param2=0.4844281026656896
38.483666, 0.004038, -1.000000, 43, 9.925293, 1, 57, 56, param1=0.5616074408701506, param2=0.4844281026656896
38.753208, 0.004038, -1.000000, 43, 10.094835, 1, 58, 57, param1=0.5616074408701506, param2=0.4844281026656896
39.079629, 0.004038, -1.000000, 43, 10.283437, 1, 59, 58, param1=0.5616074408701506, param2=0.4844281026656896
39.516972, 0.004038, -1.000000, 43, 10.440321, 1, 60, 59, param1=0.5616074408701506, param2=0.4844281026656896
39.803857, 0.004038, -1.000000, 43, 10.603012, 1, 61, 60, param1=0.5616074408701506, param2=0.4844281026656896
40.134150, 0.004038, -1.000000, 43, 10.763955, 1, 62, 61, param1=0.5616074408701506, param2=0.4844281026656896
40.406430, 0.004038, -1.000000, 43, 10.936235, 1, 63, 62, param1=0.5616074408701506, param2=0.4844281026656896
41.093139, 0.004038, -1.000000, 43, 11.127024, 1, 64, 63, param1=0.5616074408701506, param2=0.4844281026656896
41.900841, 0.004038, -1.000000, 43, 11.285707, 1, 65, 64, param1=0.5616074408701506, param2=0.4844281026656896
42.288747, 0.004038, -1.000000, 43, 11.459592, 1, 66, 65, param1=0.5616074408701506, param2=0.4844281026656896
42.762412, 0.004038, -1.000000, 43, 11.640617, 1, 67, 66, param1=0.5616074408701506, param2=0.4844281026656896
44.168687, 0.004038, -1.000000, 43, 11.792716, 1, 68, 67, param1=0.5616074408701506, param2=0.4844281026656896
44.733963, 0.004038, -1.000000, 43, 11.950445, 1, 69, 68, param1=0.5616074408701506, param2=0.4844281026656896
45.173151, 0.004038, -1.000000, 43, 12.142985, 1, 70, 69, param1=0.5616074408701506, param2=0.4844281026656896
45.454544, 0.004038, -1.000000, 43, 12.315398, 1, 71, 70, param1=0.5616074408701506, param2=0.4844281026656896
45.937057, 0.004038, -1.000000, 43, 12.482776, 1, 72, 71, param1=0.5616074408701506, param2=0.4844281026656896
47.084434, 0.004038, -1.000000, 43, 12.635372, 1, 73, 72, param1=0.5616074408701506, param2=0.4844281026656896
47.546553, 0.004038, -1.000000, 43, 12.802068, 1, 74, 73, param1=0.5616074408701506, param2=0.4844281026656896
48.047564, 0.004038, -1.000000, 43, 12.971354, 1, 75, 74, param1=0.5616074408701506, param2=0.4844281026656896
48.318032, 0.004038, -1.000000, 43, 13.141822, 1, 76, 75, param1=0.5616074408701506, param2=0.4844281026656896
48.788593, 0.004038, -1.000000, 43, 13.362013, 1, 77, 76, param1=0.5616074408701506, param2=0.4844281026656896
49.450994, 0.004038, -1.000000, 43, 13.548342, 1, 78, 77, param1=0.5616074408701506, param2=0.4844281026656896
49.709894, 0.004038, -1.000000, 43, 13.707242, 1, 79, 78, param1=0.5616074408701506, param2=0.4844281026656896
50.000194, 0.004038, -1.000000, 43, 13.878712, 1, 80, 79, param1=0.5616074408701506, param2=0.4844281026656896
50.617427, 0.004038, -1.000000, 43, 14.041907, 1, 81, 80, param1=0.5616074408701506, param2=0.4844281026656896
50.909827, 0.004038, -1.000000, 43, 14.234307, 1, 82, 81, param1=0.5616074408701506, param2=0.4844281026656896
51.292426, 0.004038, -1.000000, 43, 14.516906, 1, 83, 82, param1=0.5616074408701506, param2=0.4844281026656896
51.682721, 0.004038, -1.000000, 43, 14.748230, 1, 84, 83, param1=0.5616074408701506, param2=0.4844281026656896
51.996339, 0.004038, -1.000000, 43, 14.961848, 1, 85, 84, param1=0.5616074408701506, param2=0.4844281026656896
52.319445, 0.004038, -1.000000, 43, 15.184954, 1, 86, 85, param1=0.5616074408701506, param2=0.4844281026656896
54.954770, 0.004038, -1.000000, 43, 15.418502, 1, 87, 86, param1=0.5616074408701506, param2=0.4844281026656896
56.455724, 0.004038, -1.000000, 43, 15.827314, 1, 88, 87, param1=0.5616074408701506, param2=0.4844281026656896
57.390666, 0.004038, -1.000000, 43, 16.191432, 1, 89, 88, param1=0.5616074408701506, param2=0.4844281026656896
57.848056, 0.004038, -1.000000, 43, 16.543367, 1, 90, 89, param1=0.5616074408701506, param2=0.4844281026656896
58.355568, 0.004038, -1.000000, 43, 16.950879, 1, 91, 90, param1=0.5616074408701506, param2=0.4844281026656896
58.775258, 0.004038, -1.000000, 43, 17.187283, 1, 92, 91, param1=0.5616074408701506, param2=0.4844281026656896
59.634620, 0.004038, -1.000000, 43, 17.367929, 1, 93, 92, param1=0.5616074408701506, param2=0.4844281026656896
60.192061, 0.004038, -1.000000, 43, 17.622797, 1, 94, 93, param1=0.5616074408701506, param2=0.4844281026656896
60.539077, 0.000202, -1.000000, 95, 17.869813, 1, 95, 94, param1=0.4995487952329138, param2=0.4857987455774366
61.015152, 0.000202, -1.000000, 95, 18.245888, 1, 96, 95, param1=0.4995487952329138, param2=0.4857987455774366
61.589763, 0.000202, -1.000000, 95, 18.614613, 1, 97, 96, param1=0.4995487952329138, param2=0.4857987455774366
62.307208, 0.000202, -1.000000, 95, 18.969949, 1, 98, 97, param1=0.4995487952329138, param2=0.4857987455774366
64.049693, 0.000202, -1.000000, 95, 19.247744, 1, 99, 98, param1=0.4995487952329138, param2=0.4857987455774366
65.391293, 0.000202, -1.000000, 95, 19.583653, 1, 100, 99, param1=0.4995487952329138, param2=0.4857987455774366
